1 261 64
2 651 33
3 902 41
4 1056 30
5 1659 47
6 1855 50
7 2037 60
8 175 154
9 334 154
10 777 143
11 892 165
12 987 147
13 1165 139
14 1344 100
15 1525 87
16 1698 150
17 2021 207
18 94 221
19 240 236
20 418 196
21 602 270
22 901 299
23 1042 223
24 1270 234
25 1367 257
26 1509 149
27 1539 233
28 1602 203
29 1850 252
30 2087 239
31 157 291
32 367 340
33 523 312
34 790 341
35 947 378
36 1012 391
37 1104 305
38 1314 310
39 1412 296
40 1575 368
41 1646 335
42 2027 336
43 55 369
44 266 413
45 420 436
46 551 397
47 649 368
48 818 446
49 1066 447
50 1166 384
51 1373 405
52 1480 380
53 1591 443
54 1674 419
55 1856 411
56 2095 438
57 124 450
58 329 472
59 369 521
60 447 511
61 589 530
62 659 506
63 837 595
64 942 572
65 1055 551
66 1120 539
67 1244 516
68 1390 486
69 1521 476
70 1679 503
71 1831 506
72 1988 522
73 123 531
74 197 614
75 295 586
76 424 585
77 508 658
78 616 636
79 693 621
80 864 660
81 1019 683
82 1080 646
83 1216 619
84 1316 581
85 1398 551
86 1539 603
87 1691 645
88 1759 659
89 1820 607
90 1924 610
91 2073 612
92 69 695
93 80 749
94 208 722
95 272 708
96 591 750
97 641 730
98 731 700
99 822 712
100 965 758
101 1109 705
102 1298 634
103 1418 616
104 1542 676
105 1879 706
106 2010 722
107 2105 725
108 1849 846
109 676 859
110 781 763
111 846 833
112 883 810
113 1027 819
114 1129 783
115 1296 733
116 1544 817
117 1715 884
118 1545 919
119 2061 949
120 63 1013
121 138 1013
122 243 1012
123 509 1002
124 656 970
125 932 882
126 1201 836
127 1397 879
128 1644 1169
129 1703 941
130 886 980
131 967 925
132 1132 923
133 1319 1011
134 1453 965
135 1764 997
136 2009 1093
137 415 1091
138 704 1034
139 875 1044
140 1130 1025
141 1369 1044
142 1542 1077
143 1703 1054
144 94 1198
145 164 1188
146 265 1180
147 339 1165
148 445 1149
149 537 1136
150 638 1098
151 688 1152
152 759 1100
153 797 1161
154 977 1121
155 1038 1196
156 1154 1197
157 1259 1206
158 1424 1137
159 1431 1369
160 1771 1197
161 1913 1186
162 2108 1188
163 257 1240
164 363 1239
165 564 1270
166 773 1224
167 936 1256
168 992 1298
169 1153 1279
170 1244 1293
171 1871 1514
172 1590 1284
173 1810 1350
174 1991 1293
175 2087 1371
176 57 1343
177 146 1320
178 303 1311
179 485 1327
180 598 1351
181 721 1320
182 774 1334
183 884 1289
184 1091 1373
185 1209 1457
186 1341 1428
187 1536 1383
188 1729 1383
189 148 1463
190 241 1518
191 364 1418
192 392 1549
193 683 1432
194 716 1473
195 807 1467
196 929 1399
197 948 1486
198 1429 1557
199 1751 1547